228244.0 238
245767.0 247
228244.0 238
216922.0 232
195142.0 220
226337.0 237
241817.0 245
211369.0 229
228244.0 238
213212.0 230
224438.0 236
247754.0 248
243788.0 246
241817.0 245
193379.0 219
235952.0 242
158204.0 198
235952.0 242
245767.0 247
251752.0 250
243788.0 246
253763.0 251
251752.0 250
232082.0 240
257809.0 253
245767.0 247
253763.0 251
232082.0 240
145732.0 190
224438.0 236
259844.0 254
226337.0 237
179563.0 211
249749.0 249
215063.0 231
257809.0 253
163013.0 201
234013.0 241
216922.0 232
259844.0 254
